
**********************************************************
*** MLMC_100 file version 1.0     produced by          ***
*** MATLAB mlmc_test_100 on 13-Mar-2026 23:54:00       ***
**********************************************************

***************************************** 
*** MLMC errors from 100 calculations *** 
***************************************** 

 Exact value unknown 

 eps = 2.000e-02 
-----------------
 1.10320e+01  1.10282e+01  1.10327e+01  1.10442e+01  1.10399e+01 
 1.10528e+01  1.10061e+01  1.10315e+01  1.10323e+01  1.10281e+01 
 1.09881e+01  1.10386e+01  1.10038e+01  1.10300e+01  1.10343e+01 
 1.10366e+01  1.09941e+01  1.10368e+01  1.10113e+01  1.10156e+01 
 1.10305e+01  1.10164e+01  1.10123e+01  1.10503e+01  1.10151e+01 
 1.10582e+01  1.10031e+01  1.10310e+01  1.10344e+01  1.10280e+01 
 1.10441e+01  1.10817e+01  1.10448e+01  1.10364e+01  1.10250e+01 
 1.10393e+01  1.10340e+01  1.10159e+01  1.10206e+01  1.10089e+01 
 1.10244e+01  1.10199e+01  1.10071e+01  1.10509e+01  1.10526e+01 
 1.10570e+01  1.10066e+01  1.10242e+01  1.10294e+01  1.10282e+01 
 1.09994e+01  1.10152e+01  1.10555e+01  1.10167e+01  1.10047e+01 
 1.10329e+01  1.10123e+01  1.10179e+01  1.10304e+01  1.10347e+01 
 1.09964e+01  1.10112e+01  1.10004e+01  1.10454e+01  1.10662e+01 
 1.10212e+01  1.10130e+01  1.10153e+01  1.10034e+01  1.10247e+01 
 1.10124e+01  1.10109e+01  1.10005e+01  1.10151e+01  1.10496e+01 
 1.10001e+01  1.10425e+01  1.10281e+01  1.10529e+01  1.10384e+01 
 1.10204e+01  1.09860e+01  1.10277e+01  1.10078e+01  1.10685e+01 
 1.10331e+01  1.10185e+01  1.10502e+01  1.10430e+01  1.10454e+01 
 1.10536e+01  1.10505e+01  1.10430e+01  1.10400e+01  1.10134e+01 
 1.10327e+01  1.10365e+01  1.09864e+01  1.10183e+01  1.10329e+01 

 eps = 5.000e-02 
-----------------
 1.14211e+01  1.10149e+01  1.13755e+01  1.10324e+01  1.14225e+01 
 1.14510e+01  1.09773e+01  1.14999e+01  1.14593e+01  1.14082e+01 
 1.10706e+01  1.11091e+01  1.15180e+01  1.11171e+01  1.10208e+01 
 1.09983e+01  1.11087e+01  1.10289e+01  1.11593e+01  1.13986e+01 
 1.10797e+01  1.13912e+01  1.10595e+01  1.10732e+01  1.10237e+01 
 1.14078e+01  1.10116e+01  1.14798e+01  1.10285e+01  1.10241e+01 
 1.10850e+01  1.14232e+01  1.10196e+01  1.10810e+01  1.13433e+01 
 1.14498e+01  1.10565e+01  1.11039e+01  1.15000e+01  1.14814e+01 
 1.10029e+01  1.09724e+01  1.09356e+01  1.10766e+01  1.10337e+01 
 1.13938e+01  1.10498e+01  1.14635e+01  1.10355e+01  1.14525e+01 
 1.10843e+01  1.10542e+01  1.13972e+01  1.10426e+01  1.09687e+01 
 1.13744e+01  1.14645e+01  1.10507e+01  1.14387e+01  1.10428e+01 
 1.14303e+01  1.14613e+01  1.10914e+01  1.10008e+01  1.10179e+01 
 1.14592e+01  1.09646e+01  1.10764e+01  1.14636e+01  1.09714e+01 
 1.10840e+01  1.09671e+01  1.15051e+01  1.10242e+01  1.11177e+01 
 1.10247e+01  1.14888e+01  1.09948e+01  1.10536e+01  1.13870e+01 
 1.13820e+01  1.13596e+01  1.14444e+01  1.15008e+01  1.14218e+01 
 1.10479e+01  1.14227e+01  1.13710e+01  1.10701e+01  1.14844e+01 
 1.14666e+01  1.14725e+01  1.15528e+01  1.10543e+01  1.14928e+01 
 1.09389e+01  1.10127e+01  1.14918e+01  1.11020e+01  1.10297e+01 

 eps = 1.000e-01 
-----------------
 1.14232e+01  1.09549e+01  1.14471e+01  1.10238e+01  1.14396e+01 
 1.15792e+01  1.13551e+01  1.16522e+01  1.14388e+01  1.14036e+01 
 1.09366e+01  1.14930e+01  1.15551e+01  1.10980e+01  1.13638e+01 
 1.13688e+01  1.09777e+01  1.15075e+01  1.14460e+01  1.14174e+01 
 1.11326e+01  1.14223e+01  1.12935e+01  1.14827e+01  1.13887e+01 
 1.13622e+01  1.10744e+01  1.16270e+01  1.14130e+01  1.13592e+01 
 1.14221e+01  1.14743e+01  1.13477e+01  1.14111e+01  1.14767e+01 
 1.13998e+01  1.13575e+01  1.10694e+01  1.16011e+01  1.14038e+01 
 1.12916e+01  1.13899e+01  1.14322e+01  1.13304e+01  1.15164e+01 
 1.09464e+01  1.14491e+01  1.15518e+01  1.13624e+01  1.10361e+01 
 1.13886e+01  1.14124e+01  1.15241e+01  1.15833e+01  1.16269e+01 
 1.14794e+01  1.16443e+01  1.15338e+01  1.15394e+01  1.16649e+01 
 1.13933e+01  1.14731e+01  1.14807e+01  1.15936e+01  1.14620e+01 
 1.15455e+01  1.14686e+01  1.15223e+01  1.15343e+01  1.15172e+01 
 1.15146e+01  1.14289e+01  1.13868e+01  1.10010e+01  1.13701e+01 
 1.14347e+01  1.14101e+01  1.14347e+01  1.11294e+01  1.12756e+01 
 1.16292e+01  1.13552e+01  1.13998e+01  1.13728e+01  1.16049e+01 
 1.13420e+01  1.14199e+01  1.15743e+01  1.13591e+01  1.14763e+01 
 1.14260e+01  1.15597e+01  1.14870e+01  1.14462e+01  1.15648e+01 
 1.15967e+01  1.15260e+01  1.16201e+01  1.12694e+01  1.10541e+01 
