
**********************************************************
*** MLMC_100 file version 1.0     produced by          ***
*** MATLAB mlmc_test_100 on 13-Mar-2026 23:44:25       ***
**********************************************************

***************************************** 
*** MLMC errors from 100 calculations *** 
***************************************** 

 Exact value unknown 

 eps = 2.000e-02 
-----------------
 1.09426e+01  1.09275e+01  1.09697e+01  1.09279e+01  1.09149e+01 
 1.09223e+01  1.09741e+01  1.09680e+01  1.09421e+01  1.09549e+01 
 1.09233e+01  1.09559e+01  1.09768e+01  1.09490e+01  1.09506e+01 
 1.09701e+01  1.09631e+01  1.09338e+01  1.09448e+01  1.09200e+01 
 1.09219e+01  1.09636e+01  1.09473e+01  1.09582e+01  1.09276e+01 
 1.09477e+01  1.09240e+01  1.09267e+01  1.07146e+01  1.09413e+01 
 1.09442e+01  1.09562e+01  1.09201e+01  1.09332e+01  1.09227e+01 
 1.09587e+01  1.09343e+01  1.09440e+01  1.09378e+01  1.09631e+01 
 1.09180e+01  1.09463e+01  1.09523e+01  1.09472e+01  1.09363e+01 
 1.09518e+01  1.09161e+01  1.09326e+01  1.09510e+01  1.09124e+01 
 1.09296e+01  1.09731e+01  1.09344e+01  1.09092e+01  1.09475e+01 
 1.07249e+01  1.09455e+01  1.09302e+01  1.09598e+01  1.09545e+01 
 1.09607e+01  1.09265e+01  1.09352e+01  1.09488e+01  1.09583e+01 
 1.09417e+01  1.09336e+01  1.09124e+01  1.09466e+01  1.09642e+01 
 1.09527e+01  1.09689e+01  1.09216e+01  1.09392e+01  1.09180e+01 
 1.09231e+01  1.07281e+01  1.09459e+01  1.09751e+01  1.09181e+01 
 1.09399e+01  1.09549e+01  1.09180e+01  1.09377e+01  1.09365e+01 
 1.09329e+01  1.09168e+01  1.09427e+01  1.09203e+01  1.09439e+01 
 1.09504e+01  1.09429e+01  1.09159e+01  1.09775e+01  1.06934e+01 
 1.09238e+01  1.09489e+01  1.09439e+01  1.09451e+01  1.08942e+01 

 eps = 5.000e-02 
-----------------
 1.09273e+01  1.09287e+01  1.09572e+01  1.09586e+01  1.09754e+01 
 1.09415e+01  1.09315e+01  1.09717e+01  1.09175e+01  1.09759e+01 
 1.09200e+01  1.09008e+01  1.09504e+01  1.09041e+01  1.09916e+01 
 1.09188e+01  1.08661e+01  1.09848e+01  1.10196e+01  1.09503e+01 
 1.09584e+01  1.09625e+01  1.09693e+01  1.08074e+01  1.09851e+01 
 1.09732e+01  1.09246e+01  1.09899e+01  1.09613e+01  1.09726e+01 
 1.09682e+01  1.09143e+01  1.10359e+01  1.09341e+01  1.09286e+01 
 1.09057e+01  1.09336e+01  1.08667e+01  1.09579e+01  1.09641e+01 
 1.09571e+01  1.09712e+01  1.09396e+01  1.09958e+01  1.10178e+01 
 1.09588e+01  1.09139e+01  1.08492e+01  1.09635e+01  1.09199e+01 
 1.10029e+01  1.09310e+01  1.10095e+01  1.09859e+01  1.09677e+01 
 1.08994e+01  1.09567e+01  1.09347e+01  1.09276e+01  1.09085e+01 
 1.08901e+01  1.09655e+01  1.09356e+01  1.09908e+01  1.09084e+01 
 1.08959e+01  1.09454e+01  1.09101e+01  1.09359e+01  1.09676e+01 
 1.09414e+01  1.09442e+01  1.09123e+01  1.09518e+01  1.10216e+01 
 1.09584e+01  1.09301e+01  1.08647e+01  1.08950e+01  1.09841e+01 
 1.08992e+01  1.09333e+01  1.09130e+01  1.09335e+01  1.08562e+01 
 1.09727e+01  1.09732e+01  1.09423e+01  1.09745e+01  1.09182e+01 
 1.09552e+01  1.09766e+01  1.10439e+01  1.09572e+01  1.09319e+01 
 1.09159e+01  1.09681e+01  1.09693e+01  1.09454e+01  1.08832e+01 

 eps = 1.000e-01 
-----------------
 1.10013e+01  1.09936e+01  1.10500e+01  1.10036e+01  1.09486e+01 
 1.10167e+01  1.10025e+01  1.09936e+01  1.09905e+01  1.08775e+01 
 1.09169e+01  1.09079e+01  1.11157e+01  1.10883e+01  1.10123e+01 
 1.08689e+01  1.09013e+01  1.10264e+01  1.09500e+01  1.10002e+01 
 1.08646e+01  1.09325e+01  1.09048e+01  1.08892e+01  1.10196e+01 
 1.08967e+01  1.09666e+01  1.08541e+01  1.11771e+01  1.10058e+01 
 1.11239e+01  1.10369e+01  1.09903e+01  1.08150e+01  1.10972e+01 
 1.09431e+01  1.09932e+01  1.08474e+01  1.10070e+01  1.10918e+01 
 1.10171e+01  1.09368e+01  1.09867e+01  1.10189e+01  1.09255e+01 
 1.10014e+01  1.10512e+01  1.10655e+01  1.09960e+01  1.08492e+01 
 1.09345e+01  1.08057e+01  1.09456e+01  1.10377e+01  1.08896e+01 
 1.09818e+01  1.09235e+01  1.09242e+01  1.10544e+01  1.11153e+01 
 1.09341e+01  1.10252e+01  1.10167e+01  1.10755e+01  1.08788e+01 
 1.08804e+01  1.09822e+01  1.09750e+01  1.10667e+01  1.09347e+01 
 1.09792e+01  1.09318e+01  1.09593e+01  1.09466e+01  1.08768e+01 
 1.08923e+01  1.08589e+01  1.08824e+01  1.08022e+01  1.09374e+01 
 1.09886e+01  1.07853e+01  1.08716e+01  1.11285e+01  1.09480e+01 
 1.10345e+01  1.10830e+01  1.10297e+01  1.09594e+01  1.09966e+01 
 1.08772e+01  1.09605e+01  1.10458e+01  1.09990e+01  1.08546e+01 
 1.09848e+01  1.09758e+01  1.10451e+01  1.08182e+01  1.09445e+01 

 eps = 2.000e-01 
-----------------
 1.12780e+01  1.06977e+01  1.10197e+01  1.09813e+01  1.12128e+01 
 1.12290e+01  1.10698e+01  1.08149e+01  1.07607e+01  1.10667e+01 
 1.08476e+01  1.09126e+01  1.10006e+01  1.11786e+01  1.09779e+01 
 1.10741e+01  1.09479e+01  1.11874e+01  1.10728e+01  1.10058e+01 
 1.06645e+01  1.06532e+01  1.05558e+01  1.14077e+01  1.11865e+01 
 1.11788e+01  1.09146e+01  1.10291e+01  1.06596e+01  1.08402e+01 
 1.12492e+01  1.13030e+01  1.09375e+01  1.09022e+01  1.11626e+01 
 1.11601e+01  1.10850e+01  1.07793e+01  1.14306e+01  1.12242e+01 
 1.14482e+01  1.11894e+01  1.13248e+01  1.08758e+01  1.10347e+01 
 1.10466e+01  1.09918e+01  1.09481e+01  1.10366e+01  1.08043e+01 
 1.11520e+01  1.10941e+01  1.12707e+01  1.12704e+01  1.11174e+01 
 1.11910e+01  1.10748e+01  1.08612e+01  1.11492e+01  1.12625e+01 
 1.11851e+01  1.11063e+01  1.10362e+01  1.10608e+01  1.13062e+01 
 1.08352e+01  1.09786e+01  1.10436e+01  1.10109e+01  1.09908e+01 
 1.13431e+01  1.08451e+01  1.09723e+01  1.13660e+01  1.08157e+01 
 1.07706e+01  1.11070e+01  1.09994e+01  1.10726e+01  1.11410e+01 
 1.11867e+01  1.07441e+01  1.12204e+01  1.12485e+01  1.10865e+01 
 1.08710e+01  1.11146e+01  1.07384e+01  1.10903e+01  1.11187e+01 
 1.08728e+01  1.08741e+01  1.07684e+01  1.10732e+01  1.10609e+01 
 1.09963e+01  1.09556e+01  1.08449e+01  1.08177e+01  1.11567e+01 
