
**********************************************************
*** MLMC_100 file version 1.0     produced by          ***
*** MATLAB mlmc_test_100 on 13-Mar-2026 23:31:18       ***
**********************************************************

***************************************** 
*** MLMC errors from 100 calculations *** 
***************************************** 

 Exact value unknown 

 eps = 2.000e-02 
-----------------
 1.10720e+01  1.10601e+01  1.10384e+01  1.10396e+01  1.10483e+01 
 1.10424e+01  1.10407e+01  1.09911e+01  1.10136e+01  1.10214e+01 
 1.10264e+01  1.10245e+01  1.10203e+01  1.10404e+01  1.10161e+01 
 1.10388e+01  1.10255e+01  1.09988e+01  1.10578e+01  1.10215e+01 
 1.10256e+01  1.10232e+01  1.10425e+01  1.10273e+01  1.10478e+01 
 1.10532e+01  1.10216e+01  1.10254e+01  1.10252e+01  1.10411e+01 
 1.10250e+01  1.10341e+01  1.10197e+01  1.10436e+01  1.10554e+01 
 1.10087e+01  1.10590e+01  1.10606e+01  1.10420e+01  1.10607e+01 
 1.10338e+01  1.10203e+01  1.10440e+01  1.10373e+01  1.10268e+01 
 1.10131e+01  1.10291e+01  1.10143e+01  1.09856e+01  1.10343e+01 
 1.10391e+01  1.10368e+01  1.10035e+01  1.10283e+01  1.10103e+01 
 1.10503e+01  1.10258e+01  1.10444e+01  1.09992e+01  1.10364e+01 
 1.10249e+01  1.10119e+01  1.10266e+01  1.10411e+01  1.10384e+01 
 1.10241e+01  1.10197e+01  1.10158e+01  1.10209e+01  1.10300e+01 
 1.10327e+01  1.09999e+01  1.10384e+01  1.10856e+01  1.10152e+01 
 1.10219e+01  1.10248e+01  1.10171e+01  1.10137e+01  1.09914e+01 
 1.10327e+01  1.10595e+01  1.10155e+01  1.10589e+01  1.10366e+01 
 1.10564e+01  1.10260e+01  1.10054e+01  1.10307e+01  1.10251e+01 
 1.10260e+01  1.10310e+01  1.10589e+01  1.10079e+01  1.10485e+01 
 1.10304e+01  1.10071e+01  1.10020e+01  1.10400e+01  1.09789e+01 

 eps = 5.000e-02 
-----------------
 1.10481e+01  1.10810e+01  1.10260e+01  1.11162e+01  1.10488e+01 
 1.14096e+01  1.10642e+01  1.10318e+01  1.14659e+01  1.09534e+01 
 1.10138e+01  1.14416e+01  1.10357e+01  1.10383e+01  1.10738e+01 
 1.10889e+01  1.09986e+01  1.09404e+01  1.13812e+01  1.10720e+01 
 1.10454e+01  1.10499e+01  1.10598e+01  1.09946e+01  1.09624e+01 
 1.13605e+01  1.14386e+01  1.10925e+01  1.10658e+01  1.10819e+01 
 1.14272e+01  1.10447e+01  1.11418e+01  1.10099e+01  1.11060e+01 
 1.13940e+01  1.10534e+01  1.09690e+01  1.10620e+01  1.10449e+01 
 1.10113e+01  1.14295e+01  1.14181e+01  1.13708e+01  1.14713e+01 
 1.10563e+01  1.10309e+01  1.13782e+01  1.10034e+01  1.13579e+01 
 1.10294e+01  1.10842e+01  1.10432e+01  1.09913e+01  1.10518e+01 
 1.14026e+01  1.10175e+01  1.11180e+01  1.10882e+01  1.14146e+01 
 1.13826e+01  1.10499e+01  1.10860e+01  1.14764e+01  1.14086e+01 
 1.10677e+01  1.14444e+01  1.14320e+01  1.10747e+01  1.10776e+01 
 1.10168e+01  1.10542e+01  1.10048e+01  1.09906e+01  1.10263e+01 
 1.10523e+01  1.11075e+01  1.11081e+01  1.10851e+01  1.13843e+01 
 1.10308e+01  1.10485e+01  1.13520e+01  1.10364e+01  1.11010e+01 
 1.10148e+01  1.10263e+01  1.10851e+01  1.10790e+01  1.10364e+01 
 1.13700e+01  1.10351e+01  1.10037e+01  1.13832e+01  1.10894e+01 
 1.10037e+01  1.10840e+01  1.10847e+01  1.10521e+01  1.10320e+01 

 eps = 1.000e-01 
-----------------
 1.13095e+01  1.13783e+01  1.13451e+01  1.11447e+01  1.13516e+01 
 1.14218e+01  1.11075e+01  1.14475e+01  1.13707e+01  1.14176e+01 
 1.14415e+01  1.14597e+01  1.14892e+01  1.14948e+01  1.13072e+01 
 1.13849e+01  1.15651e+01  1.15948e+01  1.10880e+01  1.14940e+01 
 1.09679e+01  1.14261e+01  1.13421e+01  1.14048e+01  1.15251e+01 
 1.13626e+01  1.14492e+01  1.12603e+01  1.10818e+01  1.14666e+01 
 1.13039e+01  1.14396e+01  1.13299e+01  1.13055e+01  1.13861e+01 
 1.13197e+01  1.11124e+01  1.11570e+01  1.10669e+01  1.14324e+01 
 1.14175e+01  1.13581e+01  1.13819e+01  1.14481e+01  1.14139e+01 
 1.13788e+01  1.14611e+01  1.14400e+01  1.14108e+01  1.12571e+01 
 1.14965e+01  1.15606e+01  1.14538e+01  1.14608e+01  1.14600e+01 
 1.16136e+01  1.13631e+01  1.13396e+01  1.15104e+01  1.10957e+01 
 1.14030e+01  1.13982e+01  1.15148e+01  1.15103e+01  1.14192e+01 
 1.14160e+01  1.13503e+01  1.14665e+01  1.15229e+01  1.14993e+01 
 1.12899e+01  1.10042e+01  1.13466e+01  1.14932e+01  1.12530e+01 
 1.13516e+01  1.12563e+01  1.10690e+01  1.14491e+01  1.12768e+01 
 1.16013e+01  1.13022e+01  1.13931e+01  1.15732e+01  1.11549e+01 
 1.13214e+01  1.13394e+01  1.10718e+01  1.14554e+01  1.10819e+01 
 1.12908e+01  1.15804e+01  1.14812e+01  1.14808e+01  1.15583e+01 
 1.14548e+01  1.13303e+01  1.15263e+01  1.14260e+01  1.10446e+01 

 eps = 2.000e-01 
-----------------
 1.12779e+01  1.14447e+01  1.14915e+01  1.13509e+01  1.17862e+01 
 1.15385e+01  1.13329e+01  1.17002e+01  1.13813e+01  1.12717e+01 
 1.15127e+01  1.16972e+01  1.17751e+01  1.18830e+01  1.13462e+01 
 1.16961e+01  1.13564e+01  1.15857e+01  1.13853e+01  1.14241e+01 
 1.09752e+01  1.14194e+01  1.13765e+01  1.11811e+01  1.14912e+01 
 1.16367e+01  1.13554e+01  1.08850e+01  1.13527e+01  1.12130e+01 
 1.15477e+01  1.13517e+01  1.09804e+01  1.11768e+01  1.10252e+01 
 1.14633e+01  1.14934e+01  1.15222e+01  1.12603e+01  1.16679e+01 
 1.16765e+01  1.15403e+01  1.15022e+01  1.17594e+01  1.16786e+01 
 1.17319e+01  1.14502e+01  1.14367e+01  1.15139e+01  1.14827e+01 
 1.17357e+01  1.16416e+01  1.14599e+01  1.10531e+01  1.16095e+01 
 1.12896e+01  1.12611e+01  1.15361e+01  1.14706e+01  1.19555e+01 
 1.14883e+01  1.14306e+01  1.17421e+01  1.16857e+01  1.14383e+01 
 1.14186e+01  1.12953e+01  1.15307e+01  1.15483e+01  1.15048e+01 
 1.13098e+01  1.12670e+01  1.13204e+01  1.10645e+01  1.13436e+01 
 1.14146e+01  1.16980e+01  1.15504e+01  1.13482e+01  1.15714e+01 
 1.13384e+01  1.15878e+01  1.14074e+01  1.14188e+01  1.13594e+01 
 1.14634e+01  1.13379e+01  1.14838e+01  1.15604e+01  1.15010e+01 
 1.13939e+01  1.16780e+01  1.13197e+01  1.15391e+01  1.14428e+01 
 1.18886e+01  1.15280e+01  1.16868e+01  1.13636e+01  1.15267e+01 
