
**********************************************************
*** MLMC_100 file version 1.0     produced by          ***
*** MATLAB mlmc_test_100 on 29-Mar-2026 23:44:01       ***
**********************************************************

***************************************** 
*** MLMC errors from 100 calculations *** 
***************************************** 

 Exact value: 17.216802 

 eps = 1.000e-02 
-----------------
 1.72258e+01  1.72184e+01  1.72420e+01  1.72151e+01  1.72251e+01 
 1.72293e+01  1.72111e+01  1.72278e+01  1.72238e+01  1.72245e+01 
 1.72128e+01  1.72222e+01  1.72155e+01  1.72238e+01  1.72067e+01 
 1.72236e+01  1.72257e+01  1.72180e+01  1.72098e+01  1.72098e+01 
 1.72297e+01  1.72239e+01  1.72031e+01  1.72152e+01  1.72303e+01 
 1.72003e+01  1.72256e+01  1.72130e+01  1.72406e+01  1.72231e+01 
 1.72249e+01  1.72088e+01  1.72239e+01  1.72096e+01  1.72088e+01 
 1.72137e+01  1.72104e+01  1.72171e+01  1.72311e+01  1.72115e+01 
 1.72110e+01  1.72114e+01  1.72096e+01  1.71973e+01  1.72264e+01 
 1.72057e+01  1.72204e+01  1.72126e+01  1.72141e+01  1.72244e+01 
 1.72137e+01  1.72050e+01  1.72317e+01  1.72278e+01  1.72261e+01 
 1.72223e+01  1.72317e+01  1.72166e+01  1.72110e+01  1.72375e+01 
 1.72231e+01  1.72216e+01  1.71969e+01  1.72204e+01  1.72186e+01 
 1.72121e+01  1.72303e+01  1.72268e+01  1.72356e+01  1.72080e+01 
 1.72231e+01  1.72234e+01  1.72192e+01  1.72276e+01  1.72433e+01 
 1.72124e+01  1.72123e+01  1.72123e+01  1.72255e+01  1.72211e+01 
 1.72335e+01  1.72262e+01  1.72098e+01  1.72306e+01  1.72209e+01 
 1.72230e+01  1.72218e+01  1.72240e+01  1.72191e+01  1.72232e+01 
 1.72148e+01  1.72272e+01  1.72191e+01  1.72141e+01  1.72203e+01 
 1.72156e+01  1.72197e+01  1.72096e+01  1.72168e+01  1.72256e+01 

 eps = 2.000e-02 
-----------------
 1.72154e+01  1.71752e+01  1.72242e+01  1.71849e+01  1.72269e+01 
 1.72388e+01  1.72122e+01  1.71853e+01  1.72053e+01  1.72398e+01 
 1.72076e+01  1.72276e+01  1.72388e+01  1.72181e+01  1.72077e+01 
 1.72326e+01  1.72094e+01  1.72378e+01  1.72281e+01  1.72129e+01 
 1.71979e+01  1.72410e+01  1.72179e+01  1.72099e+01  1.72225e+01 
 1.72062e+01  1.72478e+01  1.72374e+01  1.72149e+01  1.72518e+01 
 1.72259e+01  1.72383e+01  1.72332e+01  1.72177e+01  1.72197e+01 
 1.72008e+01  1.72168e+01  1.72184e+01  1.72266e+01  1.72176e+01 
 1.72481e+01  1.72084e+01  1.72295e+01  1.71954e+01  1.71947e+01 
 1.72401e+01  1.72169e+01  1.71869e+01  1.72134e+01  1.72214e+01 
 1.72112e+01  1.72490e+01  1.72380e+01  1.72475e+01  1.72046e+01 
 1.71978e+01  1.72520e+01  1.72280e+01  1.72114e+01  1.72200e+01 
 1.72165e+01  1.72060e+01  1.72152e+01  1.72075e+01  1.72562e+01 
 1.72415e+01  1.72400e+01  1.72458e+01  1.72010e+01  1.72169e+01 
 1.71936e+01  1.72120e+01  1.71993e+01  1.72244e+01  1.72578e+01 
 1.72174e+01  1.72235e+01  1.72377e+01  1.72359e+01  1.72283e+01 
 1.72237e+01  1.72320e+01  1.72101e+01  1.72278e+01  1.72130e+01 
 1.72507e+01  1.72429e+01  1.72411e+01  1.72078e+01  1.72347e+01 
 1.72279e+01  1.72150e+01  1.72171e+01  1.72502e+01  1.71976e+01 
 1.71798e+01  1.72215e+01  1.72100e+01  1.72612e+01  1.71726e+01 

 eps = 5.000e-02 
-----------------
 1.72263e+01  1.72441e+01  1.72702e+01  1.72093e+01  1.72365e+01 
 1.72767e+01  1.71589e+01  1.71878e+01  1.73424e+01  1.72790e+01 
 1.72968e+01  1.72594e+01  1.72495e+01  1.72701e+01  1.72367e+01 
 1.72370e+01  1.71523e+01  1.73023e+01  1.72132e+01  1.71350e+01 
 1.72587e+01  1.72178e+01  1.72430e+01  1.72144e+01  1.72675e+01 
 1.72618e+01  1.72207e+01  1.71946e+01  1.71771e+01  1.72024e+01 
 1.73040e+01  1.72108e+01  1.71757e+01  1.72604e+01  1.72367e+01 
 1.72166e+01  1.71322e+01  1.73178e+01  1.72938e+01  1.72338e+01 
 1.72886e+01  1.72972e+01  1.72517e+01  1.71618e+01  1.71947e+01 
 1.72098e+01  1.73061e+01  1.71550e+01  1.72498e+01  1.71202e+01 
 1.71738e+01  1.72534e+01  1.71421e+01  1.71641e+01  1.72529e+01 
 1.72034e+01  1.71939e+01  1.71879e+01  1.72522e+01  1.72721e+01 
 1.72494e+01  1.72412e+01  1.72155e+01  1.72411e+01  1.72293e+01 
 1.72414e+01  1.72363e+01  1.72368e+01  1.72876e+01  1.71644e+01 
 1.71633e+01  1.72490e+01  1.71914e+01  1.72049e+01  1.72745e+01 
 1.71833e+01  1.72491e+01  1.72724e+01  1.72452e+01  1.72102e+01 
 1.72661e+01  1.72910e+01  1.72515e+01  1.72087e+01  1.72381e+01 
 1.72907e+01  1.72951e+01  1.71809e+01  1.71856e+01  1.72460e+01 
 1.72025e+01  1.72467e+01  1.71478e+01  1.72534e+01  1.71950e+01 
 1.72331e+01  1.72705e+01  1.71625e+01  1.71931e+01  1.71729e+01 

 eps = 1.000e-01 
-----------------
 1.73553e+01  1.73945e+01  1.72293e+01  1.71787e+01  1.71784e+01 
 1.70721e+01  1.71411e+01  1.72040e+01  1.73068e+01  1.71837e+01 
 1.72765e+01  1.71790e+01  1.72205e+01  1.72468e+01  1.73501e+01 
 1.71810e+01  1.71601e+01  1.71635e+01  1.71936e+01  1.70503e+01 
 1.72504e+01  1.74045e+01  1.71451e+01  1.71920e+01  1.72449e+01 
 1.73143e+01  1.72772e+01  1.72512e+01  1.71651e+01  1.73711e+01 
 1.72529e+01  1.72677e+01  1.72408e+01  1.71640e+01  1.72635e+01 
 1.72826e+01  1.73383e+01  1.73933e+01  1.73377e+01  1.72958e+01 
 1.73668e+01  1.72519e+01  1.72965e+01  1.71587e+01  1.71485e+01 
 1.71703e+01  1.73368e+01  1.71364e+01  1.70859e+01  1.72453e+01 
 1.71048e+01  1.71463e+01  1.72307e+01  1.73256e+01  1.73108e+01 
 1.72201e+01  1.70428e+01  1.71375e+01  1.72259e+01  1.74471e+01 
 1.73108e+01  1.73134e+01  1.71813e+01  1.72123e+01  1.71269e+01 
 1.71491e+01  1.71337e+01  1.73156e+01  1.73417e+01  1.72169e+01 
 1.71237e+01  1.72955e+01  1.71875e+01  1.71017e+01  1.71771e+01 
 1.72515e+01  1.71988e+01  1.73050e+01  1.71246e+01  1.73867e+01 
 1.72586e+01  1.72651e+01  1.73976e+01  1.73548e+01  1.70199e+01 
 1.70858e+01  1.73011e+01  1.73448e+01  1.72209e+01  1.73503e+01 
 1.72665e+01  1.72290e+01  1.70565e+01  1.71299e+01  1.72768e+01 
 1.71633e+01  1.72491e+01  1.70768e+01  1.71597e+01  1.73232e+01 

 eps = 2.000e-01 
-----------------
 1.71267e+01  1.75330e+01  1.71968e+01  1.70492e+01  1.72573e+01 
 1.67992e+01  1.73099e+01  1.73254e+01  1.73894e+01  1.73535e+01 
 1.73729e+01  1.72028e+01  1.73252e+01  1.70532e+01  1.71469e+01 
 1.71792e+01  1.72504e+01  1.75020e+01  1.71461e+01  1.71142e+01 
 1.74264e+01  1.74245e+01  1.71124e+01  1.70233e+01  1.72697e+01 
 1.69601e+01  1.73370e+01  1.67885e+01  1.72238e+01  1.70009e+01 
 1.71432e+01  1.73846e+01  1.70573e+01  1.70331e+01  1.74010e+01 
 1.69901e+01  1.73446e+01  1.73786e+01  1.74992e+01  1.72093e+01 
 1.71312e+01  1.71362e+01  1.69466e+01  1.72858e+01  1.71954e+01 
 1.72491e+01  1.74920e+01  1.71479e+01  1.70850e+01  1.72752e+01 
 1.74092e+01  1.72988e+01  1.74389e+01  1.72853e+01  1.71839e+01 
 1.70817e+01  1.68540e+01  1.71245e+01  1.74475e+01  1.72244e+01 
 1.69269e+01  1.72961e+01  1.72277e+01  1.70215e+01  1.72183e+01 
 1.71354e+01  1.72375e+01  1.73082e+01  1.72557e+01  1.69078e+01 
 1.76178e+01  1.71463e+01  1.72224e+01  1.73028e+01  1.73796e+01 
 1.72890e+01  1.73088e+01  1.74505e+01  1.74579e+01  1.72070e+01 
 1.71329e+01  1.71521e+01  1.72062e+01  1.73984e+01  1.70438e+01 
 1.72159e+01  1.73918e+01  1.72821e+01  1.74499e+01  1.73229e+01 
 1.71526e+01  1.70548e+01  1.75036e+01  1.71532e+01  1.72600e+01 
 1.68043e+01  1.72283e+01  1.65560e+01  1.73999e+01  1.73672e+01 
