
**********************************************************
*** MLMC_100 file version 1.0     produced by          ***
*** MATLAB mlmc_test_100 on 27-Feb-2026 21:02:01       ***
**********************************************************

***************************************** 
*** MLMC errors from 100 calculations *** 
***************************************** 

 Exact value: 3.141593 

 eps = 5.000e-03 
-----------------
 3.13707e+00  3.14387e+00  3.14149e+00  3.14325e+00  3.13929e+00 
 3.14146e+00  3.13999e+00  3.14168e+00  3.14083e+00  3.14386e+00 
 3.14463e+00  3.14229e+00  3.14330e+00  3.14085e+00  3.14267e+00 
 3.14006e+00  3.14109e+00  3.14224e+00  3.14529e+00  3.13813e+00 
 3.13981e+00  3.14311e+00  3.14325e+00  3.14126e+00  3.14288e+00 
 3.14218e+00  3.14273e+00  3.14224e+00  3.14424e+00  3.13848e+00 
 3.14314e+00  3.14086e+00  3.14337e+00  3.14137e+00  3.14248e+00 
 3.14148e+00  3.14095e+00  3.13943e+00  3.14116e+00  3.14132e+00 
 3.14212e+00  3.14090e+00  3.14163e+00  3.14008e+00  3.14074e+00 
 3.14185e+00  3.14157e+00  3.13997e+00  3.14219e+00  3.14065e+00 
 3.14270e+00  3.14091e+00  3.14268e+00  3.14226e+00  3.14124e+00 
 3.14248e+00  3.14039e+00  3.14002e+00  3.14001e+00  3.14287e+00 
 3.14195e+00  3.14284e+00  3.14148e+00  3.14405e+00  3.14252e+00 
 3.14165e+00  3.14536e+00  3.14251e+00  3.13820e+00  3.14275e+00 
 3.13936e+00  3.14439e+00  3.14196e+00  3.14126e+00  3.14023e+00 
 3.14356e+00  3.14208e+00  3.14002e+00  3.14303e+00  3.14435e+00 
 3.14131e+00  3.14173e+00  3.13850e+00  3.14311e+00  3.14323e+00 
 3.14053e+00  3.14286e+00  3.14225e+00  3.14337e+00  3.14197e+00 
 3.14142e+00  3.14117e+00  3.14120e+00  3.14341e+00  3.14134e+00 
 3.14150e+00  3.14067e+00  3.13906e+00  3.14027e+00  3.14236e+00 

 eps = 1.000e-02 
-----------------
 3.13706e+00  3.14139e+00  3.13662e+00  3.14085e+00  3.14140e+00 
 3.14723e+00  3.14400e+00  3.13872e+00  3.14561e+00  3.14848e+00 
 3.14202e+00  3.14280e+00  3.14676e+00  3.14181e+00  3.14059e+00 
 3.13726e+00  3.13914e+00  3.14145e+00  3.14266e+00  3.13813e+00 
 3.14362e+00  3.14703e+00  3.13872e+00  3.14678e+00  3.14557e+00 
 3.14474e+00  3.13726e+00  3.14501e+00  3.14489e+00  3.14141e+00 
 3.13911e+00  3.13858e+00  3.14171e+00  3.13966e+00  3.14208e+00 
 3.13988e+00  3.14068e+00  3.13529e+00  3.13915e+00  3.14402e+00 
 3.14416e+00  3.14020e+00  3.14127e+00  3.13759e+00  3.14535e+00 
 3.14089e+00  3.14202e+00  3.13484e+00  3.14436e+00  3.13987e+00 
 3.14181e+00  3.14658e+00  3.14594e+00  3.14071e+00  3.14196e+00 
 3.13801e+00  3.14662e+00  3.14592e+00  3.13938e+00  3.14239e+00 
 3.13669e+00  3.13801e+00  3.14325e+00  3.14065e+00  3.14382e+00 
 3.13444e+00  3.13450e+00  3.14302e+00  3.14312e+00  3.13994e+00 
 3.14028e+00  3.14790e+00  3.14294e+00  3.13970e+00  3.14535e+00 
 3.13965e+00  3.13615e+00  3.13982e+00  3.14105e+00  3.14325e+00 
 3.14497e+00  3.14173e+00  3.14398e+00  3.14831e+00  3.14364e+00 
 3.14044e+00  3.14900e+00  3.14223e+00  3.14280e+00  3.14085e+00 
 3.14034e+00  3.13899e+00  3.14318e+00  3.14250e+00  3.14662e+00 
 3.13834e+00  3.14454e+00  3.13540e+00  3.13517e+00  3.14442e+00 

 eps = 2.000e-02 
-----------------
 3.12813e+00  3.14753e+00  3.13981e+00  3.13439e+00  3.14279e+00 
 3.14305e+00  3.14846e+00  3.14201e+00  3.15441e+00  3.15344e+00 
 3.14368e+00  3.14653e+00  3.14032e+00  3.14365e+00  3.14081e+00 
 3.13537e+00  3.13744e+00  3.14294e+00  3.15043e+00  3.13829e+00 
 3.13763e+00  3.13862e+00  3.14743e+00  3.14356e+00  3.14878e+00 
 3.13297e+00  3.14942e+00  3.13919e+00  3.13967e+00  3.13898e+00 
 3.13501e+00  3.13147e+00  3.13226e+00  3.13812e+00  3.13904e+00 
 3.14049e+00  3.13896e+00  3.13181e+00  3.14625e+00  3.15030e+00 
 3.14850e+00  3.14228e+00  3.13630e+00  3.13662e+00  3.15234e+00 
 3.13480e+00  3.14222e+00  3.14493e+00  3.14987e+00  3.14122e+00 
 3.13976e+00  3.14509e+00  3.14740e+00  3.13953e+00  3.14803e+00 
 3.14418e+00  3.13760e+00  3.14347e+00  3.15006e+00  3.14125e+00 
 3.14074e+00  3.14611e+00  3.14448e+00  3.14710e+00  3.13377e+00 
 3.14589e+00  3.13510e+00  3.14537e+00  3.15317e+00  3.13272e+00 
 3.14057e+00  3.14160e+00  3.13460e+00  3.14375e+00  3.13430e+00 
 3.14382e+00  3.12985e+00  3.14333e+00  3.14912e+00  3.14661e+00 
 3.14068e+00  3.15914e+00  3.13459e+00  3.13946e+00  3.13957e+00 
 3.13333e+00  3.15678e+00  3.15041e+00  3.14817e+00  3.14401e+00 
 3.12937e+00  3.13625e+00  3.12987e+00  3.13900e+00  3.13780e+00 
 3.13554e+00  3.14584e+00  3.12868e+00  3.14230e+00  3.14881e+00 

 eps = 5.000e-02 
-----------------
 3.14019e+00  3.14204e+00  3.13095e+00  3.14728e+00  3.15348e+00 
 3.13040e+00  3.12993e+00  3.14701e+00  3.14725e+00  3.15839e+00 
 3.13082e+00  3.14039e+00  3.17485e+00  3.16455e+00  3.13723e+00 
 3.12721e+00  3.11215e+00  3.13465e+00  3.12463e+00  3.13146e+00 
 3.13853e+00  3.13493e+00  3.13230e+00  3.16323e+00  3.12612e+00 
 3.11517e+00  3.15405e+00  3.15303e+00  3.12945e+00  3.14977e+00 
 3.15816e+00  3.14399e+00  3.14289e+00  3.14150e+00  3.16057e+00 
 3.12320e+00  3.13672e+00  3.10864e+00  3.15791e+00  3.18018e+00 
 3.15646e+00  3.13037e+00  3.16620e+00  3.13085e+00  3.15799e+00 
 3.14038e+00  3.13067e+00  3.14613e+00  3.16550e+00  3.15576e+00 
 3.14034e+00  3.13844e+00  3.14599e+00  3.13734e+00  3.14980e+00 
 3.13892e+00  3.11697e+00  3.15139e+00  3.15271e+00  3.14070e+00 
 3.15682e+00  3.15073e+00  3.15734e+00  3.14503e+00  3.13488e+00 
 3.13004e+00  3.12931e+00  3.14384e+00  3.13660e+00  3.12733e+00 
 3.12292e+00  3.13313e+00  3.12498e+00  3.12772e+00  3.13262e+00 
 3.15709e+00  3.13752e+00  3.14931e+00  3.15993e+00  3.13565e+00 
 3.12510e+00  3.15722e+00  3.15482e+00  3.15745e+00  3.09931e+00 
 3.16638e+00  3.16490e+00  3.16314e+00  3.15030e+00  3.15904e+00 
 3.12608e+00  3.14092e+00  3.15862e+00  3.12658e+00  3.15608e+00 
 3.12497e+00  3.15736e+00  3.12494e+00  3.12042e+00  3.14428e+00 

 eps = 1.000e-01 
-----------------
 3.13762e+00  3.16880e+00  3.10824e+00  3.18678e+00  3.15737e+00 
 3.11795e+00  3.14645e+00  3.16427e+00  3.14656e+00  3.15668e+00 
 3.13816e+00  3.11811e+00  3.16079e+00  3.16111e+00  3.14765e+00 
 3.13142e+00  3.10268e+00  3.13437e+00  3.09374e+00  3.11929e+00 
 3.13004e+00  3.14796e+00  3.13252e+00  3.18323e+00  3.11389e+00 
 3.11743e+00  3.14438e+00  3.16041e+00  3.17084e+00  3.14309e+00 
 3.17346e+00  3.16095e+00  3.13903e+00  3.10715e+00  3.13001e+00 
 3.12766e+00  3.15657e+00  3.12396e+00  3.18166e+00  3.18517e+00 
 3.15603e+00  3.13513e+00  3.16802e+00  3.17282e+00  3.14267e+00 
 3.15662e+00  3.13167e+00  3.13792e+00  3.17846e+00  3.12815e+00 
 3.17173e+00  3.14846e+00  3.16085e+00  3.13298e+00  3.16912e+00 
 3.11094e+00  3.12091e+00  3.16046e+00  3.16934e+00  3.19505e+00 
 3.16321e+00  3.15295e+00  3.16113e+00  3.15555e+00  3.13298e+00 
 3.15283e+00  3.10883e+00  3.14866e+00  3.13261e+00  3.12470e+00 
 3.10108e+00  3.14028e+00  3.13589e+00  3.11447e+00  3.13445e+00 
 3.16416e+00  3.12985e+00  3.15284e+00  3.12922e+00  3.13337e+00 
 3.12141e+00  3.17572e+00  3.16694e+00  3.15099e+00  3.08976e+00 
 3.15547e+00  3.17065e+00  3.15327e+00  3.14853e+00  3.16544e+00 
 3.13548e+00  3.11968e+00  3.16074e+00  3.13068e+00  3.13866e+00 
 3.09707e+00  3.12139e+00  3.14156e+00  3.10569e+00  3.12080e+00 
