
**********************************************************
*** MLMC_100 file version 1.0     produced by          ***
*** MATLAB mlmc_test_100 on 14-Oct-2025 22:08:01       ***
**********************************************************

***************************************** 
*** MLMC errors from 100 calculations *** 
***************************************** 

 Exact value: 10.450584 

 eps = 5.000e-03 
-----------------
 1.04491e+01  1.04483e+01  1.04537e+01  1.04450e+01  1.04493e+01 
 1.04492e+01  1.04424e+01  1.04537e+01  1.04465e+01  1.04521e+01 
 1.04438e+01  1.04503e+01  1.04496e+01  1.04500e+01  1.04492e+01 
 1.04523e+01  1.04397e+01  1.04480e+01  1.04529e+01  1.04506e+01 
 1.04477e+01  1.04428e+01  1.04508e+01  1.04545e+01  1.04518e+01 
 1.04486e+01  1.04547e+01  1.04478e+01  1.04467e+01  1.04508e+01 
 1.04499e+01  1.04553e+01  1.04566e+01  1.04556e+01  1.04474e+01 
 1.04462e+01  1.04479e+01  1.04461e+01  1.04527e+01  1.04465e+01 
 1.04446e+01  1.04470e+01  1.04465e+01  1.04494e+01  1.04507e+01 
 1.04483e+01  1.04479e+01  1.04436e+01  1.04481e+01  1.04431e+01 
 1.04539e+01  1.04534e+01  1.04434e+01  1.04474e+01  1.04489e+01 
 1.04457e+01  1.04553e+01  1.04482e+01  1.04484e+01  1.04517e+01 
 1.04526e+01  1.04484e+01  1.04402e+01  1.04481e+01  1.04501e+01 
 1.04494e+01  1.04474e+01  1.04578e+01  1.04462e+01  1.04521e+01 
 1.04498e+01  1.04463e+01  1.04451e+01  1.04511e+01  1.04531e+01 
 1.04493e+01  1.04480e+01  1.04503e+01  1.04495e+01  1.04537e+01 
 1.04474e+01  1.04489e+01  1.04464e+01  1.04474e+01  1.04568e+01 
 1.04477e+01  1.04522e+01  1.04478e+01  1.04499e+01  1.04532e+01 
 1.04530e+01  1.04440e+01  1.04491e+01  1.04443e+01  1.04536e+01 
 1.04436e+01  1.04501e+01  1.04464e+01  1.04521e+01  1.04501e+01 

 eps = 1.000e-02 
-----------------
 1.04527e+01  1.04415e+01  1.04620e+01  1.04446e+01  1.04417e+01 
 1.04595e+01  1.04434e+01  1.04482e+01  1.04532e+01  1.04527e+01 
 1.04467e+01  1.04512e+01  1.04524e+01  1.04444e+01  1.04431e+01 
 1.04549e+01  1.04384e+01  1.04511e+01  1.04585e+01  1.04448e+01 
 1.04390e+01  1.04541e+01  1.04556e+01  1.04582e+01  1.04527e+01 
 1.04452e+01  1.04569e+01  1.04597e+01  1.04554e+01  1.04415e+01 
 1.04339e+01  1.04456e+01  1.04541e+01  1.04346e+01  1.04491e+01 
 1.04623e+01  1.04498e+01  1.04544e+01  1.04480e+01  1.04400e+01 
 1.04427e+01  1.04315e+01  1.04518e+01  1.04233e+01  1.04457e+01 
 1.04463e+01  1.04490e+01  1.04355e+01  1.04400e+01  1.04623e+01 
 1.04397e+01  1.04634e+01  1.04496e+01  1.04610e+01  1.04377e+01 
 1.04430e+01  1.04546e+01  1.04345e+01  1.04433e+01  1.04514e+01 
 1.04476e+01  1.04658e+01  1.04445e+01  1.04424e+01  1.04471e+01 
 1.04473e+01  1.04555e+01  1.04610e+01  1.04390e+01  1.04422e+01 
 1.04428e+01  1.04542e+01  1.04443e+01  1.04708e+01  1.04513e+01 
 1.04390e+01  1.04511e+01  1.04437e+01  1.04487e+01  1.04524e+01 
 1.04497e+01  1.04455e+01  1.04462e+01  1.04465e+01  1.04389e+01 
 1.04673e+01  1.04496e+01  1.04408e+01  1.04452e+01  1.04558e+01 
 1.04407e+01  1.04486e+01  1.04340e+01  1.04543e+01  1.04479e+01 
 1.04429e+01  1.04444e+01  1.04486e+01  1.04551e+01  1.04343e+01 

 eps = 2.000e-02 
-----------------
 1.04475e+01  1.04632e+01  1.04287e+01  1.04441e+01  1.04421e+01 
 1.04456e+01  1.04272e+01  1.04296e+01  1.04405e+01  1.04664e+01 
 1.04398e+01  1.04598e+01  1.04731e+01  1.04759e+01  1.04783e+01 
 1.04372e+01  1.04456e+01  1.04619e+01  1.04502e+01  1.04211e+01 
 1.04317e+01  1.04654e+01  1.04637e+01  1.04664e+01  1.04504e+01 
 1.04402e+01  1.04638e+01  1.04679e+01  1.04514e+01  1.04351e+01 
 1.04253e+01  1.04313e+01  1.04417e+01  1.04336e+01  1.04450e+01 
 1.04733e+01  1.04275e+01  1.04545e+01  1.04721e+01  1.04400e+01 
 1.04442e+01  1.04110e+01  1.04643e+01  1.04182e+01  1.04117e+01 
 1.04366e+01  1.04540e+01  1.04275e+01  1.04631e+01  1.04160e+01 
 1.04449e+01  1.04309e+01  1.04691e+01  1.04490e+01  1.04432e+01 
 1.04720e+01  1.04331e+01  1.04371e+01  1.04557e+01  1.04552e+01 
 1.04658e+01  1.04536e+01  1.04325e+01  1.04591e+01  1.04239e+01 
 1.04676e+01  1.04422e+01  1.04459e+01  1.04439e+01  1.04520e+01 
 1.04267e+01  1.04559e+01  1.04475e+01  1.04382e+01  1.04532e+01 
 1.04283e+01  1.04366e+01  1.04671e+01  1.04534e+01  1.04615e+01 
 1.04584e+01  1.04516e+01  1.04131e+01  1.04566e+01  1.04335e+01 
 1.04777e+01  1.04833e+01  1.04370e+01  1.04441e+01  1.04334e+01 
 1.04163e+01  1.04428e+01  1.04414e+01  1.04369e+01  1.04304e+01 
 1.04254e+01  1.04530e+01  1.04622e+01  1.04440e+01  1.04384e+01 

 eps = 5.000e-02 
-----------------
 1.03924e+01  1.04746e+01  1.04214e+01  1.04189e+01  1.04367e+01 
 1.04787e+01  1.04106e+01  1.04102e+01  1.04309e+01  1.03986e+01 
 1.04743e+01  1.04029e+01  1.04432e+01  1.04866e+01  1.04608e+01 
 1.04394e+01  1.04705e+01  1.05056e+01  1.04304e+01  1.04204e+01 
 1.04286e+01  1.04665e+01  1.05452e+01  1.04706e+01  1.04440e+01 
 1.04925e+01  1.04383e+01  1.04646e+01  1.04479e+01  1.04372e+01 
 1.03942e+01  1.04442e+01  1.04577e+01  1.03792e+01  1.04180e+01 
 1.04751e+01  1.04410e+01  1.04863e+01  1.04516e+01  1.04036e+01 
 1.04413e+01  1.04290e+01  1.04264e+01  1.03988e+01  1.03905e+01 
 1.03839e+01  1.04858e+01  1.04178e+01  1.05334e+01  1.04467e+01 
 1.04290e+01  1.04747e+01  1.04345e+01  1.04448e+01  1.05057e+01 
 1.03933e+01  1.04088e+01  1.04658e+01  1.04828e+01  1.04375e+01 
 1.03861e+01  1.04785e+01  1.04243e+01  1.03836e+01  1.04200e+01 
 1.04649e+01  1.04434e+01  1.04528e+01  1.04472e+01  1.04094e+01 
 1.04436e+01  1.04707e+01  1.04485e+01  1.04571e+01  1.03829e+01 
 1.04794e+01  1.04523e+01  1.04714e+01  1.04297e+01  1.04758e+01 
 1.04622e+01  1.05286e+01  1.04231e+01  1.04297e+01  1.04292e+01 
 1.05133e+01  1.05300e+01  1.04751e+01  1.04821e+01  1.04406e+01 
 1.04426e+01  1.03852e+01  1.03643e+01  1.04418e+01  1.04511e+01 
 1.04395e+01  1.04346e+01  1.03996e+01  1.04082e+01  1.04835e+01 

 eps = 1.000e-01 
-----------------
 1.03136e+01  1.04868e+01  1.03872e+01  1.04025e+01  1.04301e+01 
 1.03280e+01  1.04170e+01  1.02553e+01  1.04009e+01  1.03801e+01 
 1.04476e+01  1.05647e+01  1.05284e+01  1.03682e+01  1.04804e+01 
 1.04873e+01  1.04324e+01  1.05523e+01  1.05381e+01  1.04081e+01 
 1.03872e+01  1.05856e+01  1.05242e+01  1.03852e+01  1.04157e+01 
 1.05851e+01  1.03772e+01  1.03294e+01  1.03655e+01  1.04595e+01 
 1.04444e+01  1.04315e+01  1.05147e+01  1.02954e+01  1.04790e+01 
 1.03868e+01  1.05308e+01  1.06216e+01  1.05057e+01  1.04132e+01 
 1.04814e+01  1.04384e+01  1.03679e+01  1.03257e+01  1.03251e+01 
 1.03078e+01  1.04616e+01  1.03672e+01  1.04999e+01  1.04987e+01 
 1.03968e+01  1.04207e+01  1.04183e+01  1.04175e+01  1.03531e+01 
 1.04724e+01  1.02963e+01  1.04344e+01  1.04965e+01  1.04664e+01 
 1.03258e+01  1.04202e+01  1.03656e+01  1.02939e+01  1.04676e+01 
 1.05144e+01  1.03507e+01  1.03954e+01  1.05131e+01  1.02651e+01 
 1.04048e+01  1.04979e+01  1.04530e+01  1.04500e+01  1.05725e+01 
 1.05959e+01  1.04009e+01  1.05342e+01  1.03575e+01  1.05043e+01 
 1.04287e+01  1.05802e+01  1.03889e+01  1.05956e+01  1.03243e+01 
 1.05290e+01  1.05905e+01  1.04057e+01  1.04912e+01  1.05285e+01 
 1.03697e+01  1.02973e+01  1.04419e+01  1.03409e+01  1.04395e+01 
 1.02524e+01  1.04949e+01  1.02829e+01  1.04424e+01  1.05233e+01 
